50 50
196.95 246.15 191.31 192.09 369.25 707.42 711.18 528.82 609.53 855.21 320.70 685.75 639.00 546.59 539.56 774.04 796.55 504.41 202.74 385.71 398.12 319.63 251.05 327.01 964.33 351.39 685.91 787.27 967.97 426.75 811.53 674.21 609.03 348.92 3.60 539.62 201.69 872.27 393.00 82.81 378.00 580.93 691.33 127.79 629.50 800.71 656.29 403.41 193.68 74.33 
395.99 633.67 278.37 890.18 749.69 785.96 51.60 953.83 748.10 675.92 457.04 611.70 572.28 855.21 455.55 909.24 890.31 475.06 403.43 994.67 595.93 695.08 649.95 560.23 825.13 737.83 289.71 907.18 109.74 483.05 594.16 830.25 144.58 94.35 771.19 42.82 864.16 751.50 576.67 538.36 353.56 680.01 403.41 988.07 711.02 155.68 329.90 871.44 755.62 689.49 
563.63 864.29 913.35 457.67 738.15 725.69 716.18 274.95 759.49 803.02 804.85 388.20 8.29 721.48 201.97 944.48 222.28 12.79 698.04 572.99 394.39 800.19 101.23 910.10 368.42 437.41 773.62 246.79 580.21 768.39 392.20 179.56 228.91 584.97 636.48 513.40 207.78 601.84 109.45 516.24 557.29 397.93 918.76 203.25 97.81 353.30 462.17 685.47 327.51 326.45 
359.02 741.27 900.06 470.01 991.82 968.91 739.39 464.41 377.99 98.52 447.64 254.35 116.72 338.98 994.78 948.66 411.53 543.25 379.21 182.07 193.85 118.43 517.83 342.86 228.04 74.42 699.53 916.95 407.17 548.61 548.30 512.65 698.10 160.81 646.45 794.73 133.71 45.43 265.74 547.92 952.55 952.61 180.70 378.56 476.04 210.28 966.67 461.73 658.15 966.52 
98.38 248.78 47.80 64.58 832.17 272.23 891.14 335.58 995.91 993.90 311.79 144.11 993.86 589.40 66.06 855.61 115.01 650.59 486.20 374.55 377.51 684.79 983.03 44.67 786.59 616.45 705.50 696.47 306.36 309.62 23.87 859.44 645.58 899.29 635.21 186.07 157.63 117.56 67.42 304.23 825.03 601.92 196.66 903.47 584.41 337.60 616.48 687.47 466.56 450.29 
619.94 287.87 399.41 949.06 140.46 277.54 107.95 189.13 210.45 467.96 344.66 572.90 217.65 920.63 927.76 46.55 913.27 774.80 397.65 993.48 688.94 240.64 89.72 694.58 588.55 585.14 923.72 797.53 616.96 925.11 400.14 553.57 825.02 827.66 523.73 130.39 36.42 566.01 350.71 251.37 498.28 390.49 486.25 307.17 255.93 497.55 883.37 251.82 714.79 279.54 
446.39 677.85 747.00 611.96 867.14 958.07 273.68 543.14 365.64 691.26 518.17 855.39 750.70 789.20 936.66 480.25 855.87 656.57 736.13 768.32 528.15 680.64 745.60 736.98 619.66 205.07 465.62 278.72 697.61 463.38 389.43 615.20 1.04 112.20 802.08 199.83 538.90 706.77 958.14 349.69 983.20 726.76 817.84 818.94 351.13 908.08 883.20 532.30 316.22 293.97 
820.86 408.65 762.58 151.04 671.03 439.50 563.44 129.57 734.93 168.28 217.66 135.55 321.83 790.16 981.02 698.34 887.63 655.21 573.38 922.28 400.41 515.31 831.24 589.45 703.64 261.02 300.77 980.16 779.02 930.04 166.38 686.85 66.68 811.84 215.17 254.10 957.25 478.58 530.19 218.15 544.85 562.58 982.86 343.97 630.73 515.47 2.36 718.72 162.96 236.41 
810.57 302.38 26.22 382.30 363.17 415.18 148.91 966.65 642.63 616.19 154.83 138.49 714.11 97.99 845.35 307.70 250.64 46.96 987.46 261.38 524.51 190.49 629.19 673.80 320.25 999.34 39.43 632.10 379.83 234.76 775.90 353.68 225.93 970.32 815.81 576.63 36.55 98.16 503.59 555.36 858.02 185.90 61.31 656.23 385.89 776.11 7.31 354.41 392.26 533.33 
150.78 963.45 986.60 913.00 977.06 88.23 946.81 543.50 574.83 76.83 148.12 957.40 271.49 544.74 417.26 413.75 994.67 709.43 108.27 411.37 628.06 538.86 191.92 940.44 489.99 588.95 818.53 658.89 331.91 899.87 168.88 63.14 365.47 842.75 985.24 600.48 903.28 910.31 824.84 584.55 99.99 22.96 789.23 363.96 714.47 561.36 651.02 463.69 441.32 18.85 
315.60 767.32 508.89 223.08 702.55 625.80 916.79 636.14 396.05 688.14 101.22 93.47 96.80 404.75 121.59 872.11 226.10 17.01 828.18 908.38 997.62 496.03 328.76 230.64 357.00 472.59 940.14 580.55 563.42 107.55 68.48 33.13 16.25 139.59 384.76 598.08 864.22 302.00 73.12 434.81 701.51 554.60 263.06 957.63 376.83 964.81 749.98 592.74 610.74 333.66 
935.16 430.92 287.11 64.50 609.30 972.54 543.34 550.92 275.67 34.49 821.15 622.34 403.30 110.69 271.44 660.80 888.78 620.34 627.76 126.98 214.05 589.35 892.61 775.90 167.36 506.93 435.58 914.06 4.71 941.48 56.12 458.29 748.86 587.69 943.51 372.45 170.61 187.63 722.89 515.54 957.93 323.11 267.58 990.83 499.74 164.54 98.80 265.96 988.75 632.93 
939.26 275.58 808.93 809.39 423.64 93.30 735.13 869.37 820.68 767.94 2.43 181.96 693.54 245.01 958.64 489.34 611.38 328.08 908.83 732.27 383.10 752.89 426.55 145.11 382.68 971.62 239.91 376.78 620.16 333.86 197.25 371.36 670.83 259.68 24.17 347.05 425.81 264.19 548.25 953.72 562.21 624.25 304.20 350.43 548.90 588.34 267.36 981.71 316.29 834.69 
798.69 825.45 296.52 412.60 993.77 67.83 311.88 338.45 399.39 854.38 758.44 749.80 30.41 941.73 718.14 171.95 345.81 276.47 589.86 98.48 712.85 770.69 637.91 535.84 144.31 295.99 91.30 346.92 27.22 402.30 25.88 88.80 660.29 495.61 924.08 831.02 509.83 528.78 927.23 148.14 759.17 735.23 912.43 158.02 411.30 314.38 412.06 130.01 0.56 263.57 
618.86 211.70 437.20 339.52 410.80 201.03 144.42 165.61 228.03 683.66 933.74 369.31 518.68 305.99 586.17 627.77 696.53 425.00 899.17 364.90 554.21 863.04 489.86 694.22 861.54 629.20 696.57 490.43 952.11 750.70 933.89 976.41 540.53 591.78 983.72 758.43 50.13 229.90 491.82 228.38 410.76 545.33 475.64 656.77 301.91 28.55 416.93 346.58 116.89 584.59 
921.32 566.10 653.29 306.15 187.07 337.27 102.24 821.86 814.89 530.87 789.42 365.84 665.75 435.38 508.11 986.86 377.81 978.22 567.72 547.70 98.90 552.17 907.94 598.54 900.44 677.44 73.11 42.46 482.55 50.66 865.41 322.15 366.84 254.57 210.66 452.48 157.08 440.46 508.77 966.08 353.42 959.48 441.86 924.74 91.73 136.09 675.46 643.75 264.49 433.55 
898.21 141.28 591.64 2.78 383.72 944.68 966.66 129.54 777.83 580.08 786.35 105.34 646.25 707.72 80.37 464.93 937.03 867.55 546.47 564.91 957.86 850.95 807.48 826.88 988.80 383.10 471.57 799.68 205.25 176.39 751.25 139.41 945.59 907.62 424.62 310.54 775.61 573.12 770.46 122.56 12.88 529.41 574.20 470.61 965.63 4.70 362.09 864.86 578.71 786.37 
564.35 148.34 806.06 57.98 323.83 442.83 40.03 183.15 831.83 231.79 940.34 295.35 370.02 74.60 979.19 808.94 864.35 525.74 338.35 243.58 212.54 3.44 326.59 113.89 810.90 43.12 875.68 433.34 398.19 139.57 83.37 747.22 10.29 275.70 125.21 406.38 81.90 326.22 14.09 647.40 973.80 690.29 294.03 775.18 588.14 156.67 859.55 10.16 59.52 475.43 
84.96 481.46 952.49 396.29 320.64 800.43 400.88 828.61 569.21 357.58 955.20 43.07 5.35 946.35 768.78 6.45 859.13 396.76 30.92 817.44 887.71 49.29 678.64 219.13 806.03 399.84 272.17 880.76 392.87 100.92 671.91 41.04 247.91 460.87 155.85 722.56 67.20 645.23 743.79 203.46 682.27 489.99 800.55 25.68 235.49 651.52 698.87 138.29 227.38 738.50 
596.30 996.92 853.44 724.31 685.71 50.16 500.51 152.06 206.20 108.31 124.44 734.22 128.13 998.33 475.53 674.91 124.18 364.36 925.28 114.79 394.66 947.67 705.51 308.15 865.48 507.80 320.68 32.69 366.98 555.35 821.45 827.69 428.65 1.51 439.05 163.53 570.30 884.76 663.54 717.75 848.29 683.11 423.11 496.55 329.77 182.20 532.36 744.05 959.86 968.64 
228.74 908.08 47.10 59.25 1.16 502.61 209.54 815.33 591.12 990.52 766.80 217.29 781.89 729.40 4.11 872.98 873.40 368.37 867.21 781.16 431.34 448.52 435.25 907.24 308.56 542.98 656.11 69.02 691.18 886.81 594.93 409.54 41.65 38.19 303.53 466.36 445.58 740.20 800.28 773.93 155.57 549.24 765.71 650.34 900.68 675.45 260.19 329.63 637.32 992.87 
706.78 395.81 805.66 534.33 446.11 638.62 449.72 639.02 889.91 714.63 505.77 67.73 687.32 541.74 589.34 386.64 858.43 499.29 295.44 367.87 241.84 978.76 598.63 213.66 426.07 974.50 0.69 820.26 525.40 480.35 595.28 157.13 382.56 487.46 751.37 264.32 259.75 971.85 214.39 305.98 946.68 386.96 474.43 147.88 586.59 988.58 814.10 141.54 654.20 411.07 
758.27 177.95 491.81 689.40 155.89 786.34 951.33 907.09 567.75 556.83 389.22 405.88 701.80 549.06 780.82 643.64 715.41 490.31 73.26 983.24 651.34 457.47 44.14 813.26 229.07 385.73 944.05 194.93 393.77 605.29 15.28 152.03 323.28 387.77 58.93 127.41 157.62 660.27 553.03 482.48 608.01 959.47 263.33 477.39 47.56 604.75 836.28 688.44 776.98 950.01 
536.15 411.11 837.51 419.85 129.34 480.24 186.46 459.96 125.17 479.53 90.86 245.77 596.86 919.71 506.03 827.20 772.37 598.60 236.30 849.90 54.51 115.36 764.06 280.06 590.98 49.38 607.52 147.54 590.67 507.12 676.97 969.01 440.01 11.64 300.07 207.51 401.43 623.85 224.92 193.03 546.13 649.03 74.88 733.51 783.85 549.63 988.90 890.97 648.75 177.72 
951.86 382.42 984.56 339.59 874.28 497.73 320.19 327.21 331.10 620.71 395.92 400.52 364.89 129.70 374.26 343.89 37.71 201.47 766.49 536.09 80.86 23.07 619.06 240.77 953.61 741.18 904.44 975.29 367.25 742.09 652.80 119.96 665.30 913.83 22.66 954.34 116.59 193.34 844.89 892.81 483.17 727.22 249.17 57.33 936.80 943.55 593.58 553.80 807.00 172.33 
416.27 646.27 875.63 895.01 739.09 919.97 361.87 129.90 454.03 531.10 647.92 806.45 90.47 984.38 367.13 742.20 467.07 581.26 933.57 379.94 581.43 156.64 915.08 842.51 197.91 40.34 288.55 785.61 536.72 259.88 688.23 325.92 342.09 468.81 677.24 282.63 177.56 976.16 391.62 60.86 193.22 634.58 249.19 505.47 792.82 278.69 395.24 679.39 598.32 942.51 
694.99 183.97 147.80 221.87 457.42 696.37 697.14 117.00 292.28 277.15 278.28 246.44 187.92 855.95 799.08 777.39 498.19 749.90 289.60 4.17 701.65 699.25 379.35 702.47 224.36 341.85 969.22 903.54 756.19 79.07 626.78 961.67 52.66 624.09 76.59 143.72 140.57 906.36 400.53 852.88 765.72 384.94 607.36 938.89 809.63 246.15 551.11 668.50 650.45 82.49 
696.38 946.70 394.29 901.01 638.60 668.65 819.07 960.71 952.97 322.43 541.93 148.06 44.65 284.50 583.60 339.03 426.56 403.93 416.68 69.63 938.15 159.84 807.72 331.93 772.27 160.48 834.42 559.32 337.98 468.87 159.16 211.79 977.82 292.91 713.46 470.67 866.00 195.25 861.86 369.32 306.29 208.95 295.38 515.41 376.16 775.09 464.38 425.95 863.54 833.38 
170.50 65.16 528.28 773.10 37.92 539.16 492.06 909.82 733.27 373.11 923.78 713.91 76.74 801.96 180.04 211.85 919.31 59.05 491.29 316.48 24.28 805.78 463.99 62.25 899.01 995.74 331.39 123.77 969.66 751.97 453.74 426.55 847.32 643.64 784.20 736.01 44.88 777.78 620.45 517.90 524.01 135.42 238.62 3.11 36.30 986.66 155.77 645.17 807.08 825.19 
934.21 543.16 867.82 824.15 61.29 611.82 477.23 562.02 823.38 274.73 557.05 119.76 473.45 527.65 704.82 542.53 931.44 465.22 630.87 180.97 404.70 32.45 55.42 991.07 773.08 727.30 573.80 162.92 29.88 716.76 992.84 913.49 992.25 186.41 549.05 595.52 924.07 130.90 552.73 345.72 945.81 82.69 626.02 827.20 114.18 964.39 338.21 190.46 465.43 790.39 
160.29 344.19 140.41 239.56 430.36 837.52 355.53 346.19 386.64 359.00 540.99 417.67 940.82 348.35 484.31 425.30 549.54 479.74 8.91 806.08 662.89 127.36 597.26 682.87 658.21 730.27 475.49 371.04 423.77 583.59 394.96 137.21 976.10 197.12 67.65 338.96 817.88 920.37 492.23 909.68 436.66 383.84 644.91 863.51 322.98 335.30 70.60 847.75 53.10 794.62 
89.74 987.55 595.85 666.68 873.16 921.56 532.86 344.62 24.88 44.71 729.69 663.37 613.80 465.28 341.15 377.05 271.81 100.60 82.54 505.18 352.83 436.15 276.48 69.47 645.17 866.73 30.31 62.23 989.62 322.06 691.91 757.38 426.99 202.18 265.27 710.39 904.66 855.06 584.70 775.14 692.63 125.47 482.45 871.71 305.13 271.23 310.82 940.94 420.43 274.07 
995.84 191.00 579.70 459.87 626.51 745.78 427.52 13.30 733.07 600.66 74.65 887.86 390.93 684.09 469.05 906.83 134.98 910.09 151.08 918.92 849.18 897.41 102.83 259.93 869.90 304.41 833.62 507.28 944.65 449.02 270.22 539.98 504.59 817.73 109.45 758.75 825.84 61.24 536.34 836.02 72.14 926.20 312.54 48.79 374.57 132.63 543.86 473.99 23.86 168.37 
706.52 772.88 370.23 49.96 688.91 306.00 732.05 577.72 964.74 897.82 265.55 113.90 773.16 311.71 355.23 601.39 398.06 132.22 909.50 531.33 79.86 242.53 484.11 217.85 292.28 557.62 547.62 125.09 237.13 872.15 734.83 34.59 735.82 869.61 345.02 463.84 992.61 799.84 462.50 735.62 232.06 799.55 219.28 457.29 759.18 680.64 557.85 481.80 568.06 5.82 
374.94 469.27 139.88 780.28 144.37 727.66 542.34 535.00 249.00 996.65 481.33 736.41 99.53 784.37 462.65 893.48 990.35 117.41 265.24 981.49 439.66 988.45 793.55 630.78 555.61 977.56 33.32 722.98 561.84 966.37 315.50 483.72 811.00 541.56 817.54 652.66 873.37 697.35 993.76 103.78 787.08 617.04 442.71 306.40 220.39 893.05 674.09 588.43 131.81 931.48 
468.28 327.19 528.86 132.79 568.69 278.02 734.84 648.46 293.80 22.22 256.65 708.98 877.68 706.81 723.99 795.02 897.54 965.00 991.55 133.22 625.19 108.62 858.69 132.59 612.48 909.01 632.25 651.58 134.08 433.77 291.19 720.61 311.08 46.09 133.02 636.60 288.61 523.01 674.46 785.00 51.63 784.13 125.25 464.38 412.06 372.52 448.58 215.18 178.53 26.01 
705.32 320.41 246.30 705.61 102.65 69.01 177.35 232.66 829.53 292.24 294.16 302.41 76.88 719.59 449.67 427.81 159.63 878.48 677.41 660.77 111.05 982.68 985.28 395.79 48.47 829.91 774.16 200.52 68.27 829.88 621.37 851.43 371.50 798.08 54.89 541.85 582.08 296.10 789.91 839.19 162.06 577.52 109.12 699.10 376.85 932.00 318.11 78.34 977.90 932.70 
419.42 313.35 732.06 439.63 677.04 430.97 483.57 5.77 417.59 293.67 529.42 341.45 79.55 621.05 138.81 27.71 378.10 8.71 956.50 733.24 10.68 948.14 36.06 349.38 69.08 287.23 780.50 694.17 197.53 611.58 34.90 89.47 823.87 200.58 888.22 551.22 128.67 676.54 402.31 813.15 982.66 908.20 811.96 189.03 178.77 8.43 917.09 790.65 608.11 139.97 
342.18 135.27 10.49 884.18 876.77 186.37 419.05 179.52 604.28 782.88 71.31 477.57 109.06 968.05 585.99 765.19 849.54 958.70 145.26 322.70 67.89 394.72 97.20 248.28 457.35 859.56 28.67 221.93 977.83 295.85 383.82 473.03 927.13 11.44 865.82 998.06 820.32 878.10 328.86 280.96 535.64 59.16 544.39 409.13 607.42 741.87 968.92 167.95 937.15 482.77 
123.13 863.67 756.76 590.43 169.78 371.68 494.41 429.36 414.89 12.39 981.80 737.12 329.56 89.68 720.61 911.10 554.62 396.47 772.78 333.93 265.71 499.17 963.25 949.13 505.09 497.75 652.85 624.85 686.20 877.03 511.81 876.12 223.80 179.61 234.20 953.75 761.17 92.99 606.64 969.68 852.29 433.66 601.31 642.47 905.84 678.95 869.48 920.53 308.14 380.04 
73.29 638.18 839.18 639.02 614.99 482.68 578.04 107.23 698.92 936.26 890.53 604.83 491.47 35.52 967.74 128.49 591.69 627.66 971.17 895.65 803.21 579.33 119.17 3.53 187.90 350.87 658.57 112.32 838.92 412.80 265.56 292.25 210.86 717.73 237.60 975.71 256.21 957.94 437.75 258.72 8.00 195.80 169.02 430.38 407.16 610.08 992.49 583.19 722.48 940.48 
910.12 707.92 653.98 898.53 450.58 95.91 425.73 193.98 343.68 586.82 796.20 693.43 339.60 313.18 484.93 82.37 243.39 744.68 509.76 702.57 706.17 392.36 103.54 16.68 115.12 637.75 122.72 108.11 112.10 174.45 447.93 971.85 354.26 221.76 910.88 20.18 592.15 990.17 373.88 506.59 790.55 545.21 196.80 829.87 983.84 276.54 598.86 825.42 462.36 457.58 
950.73 775.76 928.98 265.95 809.16 167.71 311.63 235.22 34.22 560.42 931.36 277.68 256.20 175.49 775.15 869.80 287.74 277.24 842.49 304.02 332.53 199.55 511.09 258.71 955.66 704.86 475.86 747.15 344.36 802.61 938.43 518.91 557.55 935.30 368.43 219.08 503.11 71.81 162.44 197.98 676.89 822.64 259.07 727.57 926.26 535.24 981.81 470.51 534.24 112.86 
717.02 579.99 901.18 893.64 721.50 135.85 705.79 16.19 739.26 716.28 752.01 354.56 958.94 465.51 649.93 623.51 697.36 103.59 441.41 297.54 577.03 193.52 673.07 311.08 783.43 796.86 377.91 184.65 960.15 767.47 111.28 444.29 475.45 437.17 364.20 587.31 61.37 193.00 964.24 258.02 143.42 809.78 614.94 328.38 524.52 602.81 599.21 768.92 920.64 903.81 
518.24 521.88 196.86 172.01 827.45 727.48 706.47 690.35 175.25 545.96 153.55 805.50 74.84 839.40 889.92 111.16 93.95 897.61 323.46 605.86 660.68 803.81 689.97 724.87 693.76 967.84 243.54 109.15 927.62 825.89 376.97 806.97 323.87 379.98 717.47 115.69 249.53 645.75 886.37 143.27 268.34 949.16 737.79 891.57 776.86 573.77 91.89 874.05 441.18 335.93 
963.88 184.02 839.19 997.81 881.54 215.44 232.15 347.35 812.44 451.49 350.97 658.55 592.01 936.25 651.41 240.41 1.40 533.12 754.25 694.08 94.58 679.79 676.83 28.79 628.87 4.20 222.92 290.77 761.49 996.52 223.21 109.68 780.05 538.56 294.79 770.96 558.93 286.24 316.80 112.35 734.41 93.25 1.35 343.89 470.33 60.54 219.67 627.20 271.01 919.32 
371.57 385.96 755.23 975.12 384.31 767.28 188.79 59.55 522.29 909.38 491.97 183.89 524.29 195.68 162.24 752.30 965.83 518.57 549.56 877.98 825.93 391.57 329.60 497.88 356.17 311.25 464.10 428.94 222.88 218.83 56.30 923.42 801.97 58.78 975.18 570.54 928.75 809.24 258.73 374.10 556.83 27.20 62.65 932.05 66.24 677.35 542.96 793.30 774.03 962.44 
626.50 58.80 171.49 812.32 745.86 124.80 909.39 771.52 559.60 606.03 912.85 426.16 953.06 302.71 191.10 45.28 96.26 785.12 398.16 39.30 771.74 704.26 553.28 972.24 492.01 887.40 503.04 827.83 772.71 591.01 971.06 558.53 287.23 4.32 6.76 112.64 750.56 493.39 292.66 8.50 914.96 289.27 852.02 830.52 320.04 584.33 283.93 534.84 362.91 658.84 
518.41 718.18 934.98 66.50 356.28 711.82 148.42 537.33 507.95 908.13 425.92 3.89 224.74 94.23 26.57 725.16 952.55 909.76 216.64 855.20 836.75 731.93 854.94 427.19 662.15 545.53 711.29 949.15 822.81 667.89 371.99 852.13 123.78 342.53 618.28 615.85 386.72 162.57 788.64 706.93 525.74 363.68 793.17 739.16 423.90 412.36 496.88 291.71 718.02 154.94 
75.91 712.39 428.63 487.34 761.51 170.62 227.58 444.53 978.60 173.99 916.26 787.07 890.16 712.36 60.78 631.76 542.82 897.33 665.69 82.06 249.01 707.10 859.23 667.27 528.93 892.34 909.13 261.60 629.58 61.52 42.94 512.99 853.78 215.55 120.62 644.46 450.52 307.06 671.57 258.62 550.73 621.48 769.14 754.66 426.32 145.04 560.88 564.54 20.95 538.50 
